50893014
49935061
48611949
48413613
53521795
55399921
52727165
56942783
55940477
50154570
54080881
62071336
258803947
350433364
113868253
216263898455384
119518198122977
784939014866934
1426125644297680
228212774009673
2448959991994313
778737330468839
948482946251870
1407269100173636
1189808514539744
1400061693588083
222579086911855
217943270724915
171500842330566
1453153084817502
277460003082903
111604552652655
510533959590937
108047122251700
510533959590937
108047122251700
134460326902160
3590319477905738
1223263681887683
3453901618265666
1166880817325613
389824196158325
661531425877661
